Filetype: IR signals file
Version: 1
# 
name: Power
type: raw
frequency: 38000
duty_cycle: 0.330000
data: 3468 1745 454 416 451 1282 453 414 453 441 426 413 454 412 455 413 454 415 452 413 454 416 452 414 451 415 451 416 427 1308 427 439 453 414 453 416 451 416 451 418 449 418 449 416 451 415 452 416 451 1282 453 416 451 415 452 417 450 1285 450 416 451 416 451 1284 451 416 451 416 451 1282 453 416 451 416 451 416 451 417 450 416 451 416 451 415 452 1285 450 1283 452 1286 449 1284 451 1284 451 416 451 417 450 417 450 416 451 1284 451 416 451 1285 450 1284 451 1284 451 1283 452 73996 3441 1773 425 441 426 1309 426 440 427 441 426 442 425 441 426 443 424 441 426 442 425 442 425 444 423 443 424 442 425 1338 396 443 424 445 422 443 424 443 424 444 423 443 424 444 423 443 424 444 423 1310 425 443 424 444 423 444 447 1315 420 420 448 418 449 1287 448 420 447 420 447 1286 449 419 448 419 449 418 449 420 448 418 449 419 448 418 449 1285 450 1285 450 1286 449 1283 476 1262 474 391 476 392 476 393 474 391 476 1259 476 390 477 1258 502 1237 500 1233 503 1230 506 73962 3486 1724 475 392 475 1260 475 394 473 392 475 419 448 394 473 392 475 393 474 393 474 393 474 393 474 420 446 393 451 1285 474 393 451 419 448 417 450 418 449 416 451 418 449 417 450 417 450 415 452 1284 451 416 451 419 448 417 450 1288 447 417 450 417 450 1286 449 417 450 418 449 1285 450 417 450 417 450 418 449 418 449 417 450 418 449 418 449 1285 450 1287 448 1288 447 1286 449 1286 449 418 449 419 449 418 449 419 448 1287 448 419 448 1287 448 1287 448 1287 448 1287 448
# 
name: Standby
type: raw
frequency: 38000
duty_cycle: 0.330000
data: 3492 1722 507 363 504 1228 507 361 506 361 506 364 503 363 504 361 506 363 504 364 503 362 505 362 505 362 505 362 505 1229 506 362 505 362 505 361 506 362 505 363 504 361 507 362 449 418 424 443 424 1311 424 443 424 442 425 444 423 1313 422 443 424 443 424 1309 426 445 422 444 423 1308 427 443 424 443 424 445 422 443 424 443 424 445 422 1312 423 1311 424 1310 425 1311 424 1312 423 1308 427 443 424 445 422 1311 424 443 424 1310 425 443 424 1310 425 1310 425 1311 424 1312 504 74254 3462 1752 448 417 450 1286 449 417 450 418 449 417 450 417 450 418 449 417 450 419 448 419 448 416 451 419 448 419 448 1287 448 417 450 419 448 419 448 417 450 418 450 418 449 418 449 420 447 419 448 1287 448 418 449 418 449 418 449 1286 449 418 449 418 449 1288 447 445 422 418 449 1286 449 419 448 417 450 418 449 420 447 418 449 419 448 1285 450 1285 450 1287 448 1286 449 1312 423 1286 449 419 448 421 446 1287 448 418 449 1286 449 416 451 1285 450 1286 449 1285 450 1286 449
# 
name: Autoset
type: raw
frequency: 38000
duty_cycle: 0.330000
data: 3440 1771 452 416 451 1282 452 417 451 443 423 416 452 415 429 441 450 415 428 440 451 417 427 440 427 442 425 441 426 1307 428 441 427 440 427 441 426 441 426 441 426 443 424 439 428 440 427 441 426 1308 427 441 426 440 427 441 426 1310 425 444 423 441 426 1311 424 444 423 443 424 1309 426 442 425 441 426 442 425 444 423 443 424 444 423 1310 425 443 424 443 424 444 423 442 425 442 425 443 424 442 425 1313 422 1309 426 444 423 1311 424 443 424 442 425 1311 424 1312 423 74445 3465 1752 471 420 423 1285 474 393 450 415 452 416 451 418 449 418 449 416 451 416 451 418 449 417 450 414 453 416 451 1284 474 392 452 416 474 395 449 419 498 366 451 414 453 416 451 418 449 417 450 1284 451 418 449 418 449 416 451 1288 447 416 451 416 451 1286 449 415 452 415 452 1285 450 416 451 418 449 417 450 418 449 415 452 416 451 1285 450 418 449 417 450 418 449 415 452 416 451 443 424 415 452 1285 450 1284 451 416 451 1283 452 416 451 416 451 1285 450 1283 452 74412 3464 1750 474 393 474 1259 476 392 475 392 475 392 475 393 474 392 475 392 475 391 476 391 476 390 477 420 448 394 473 1261 474 393 474 391 476 391 476 392 475 419 448 393 475 391 476 392 475 393 474 1259 476 392 475 391 476 392 475 1259 476 392 475 391 476 1261 474 391 476 391 476 1261 474 392 475 395 472 392 475 391 476 392 475 392 475 1261 474 393 474 391 476 392 475 392 475 391 476 391 476 391 476 1260 475 1258 477 391 476 1259 476 392 475 392 475 1259 476 1259 476 73893 3491 1724 502 391 476 1232 503 363 504 365 502 362 505 363 504 364 504 365 502 364 503 364 504 361 506 363 505 362 505 1230 505 360 507 363 504 361 506 363 505 361 506 362 505 361 506 362 506 364 503 1231 504 361 506 362 506 361 506 1229 425 443 424 443 424 1311 424 442 425 442 425 1310 425 444 423 443 424 442 425 443 424 443 424 443 424 1338 397 443 424 444 423 445 422 443 424 442 425 443 424 444 423 1310 425 1311 424 445 422 1310 425 442 425 442 425 1311 424 1310 425
# 
name: Rgb1
type: raw
frequency: 38000
duty_cycle: 0.330000
data: 3490 1723 476 391 476 1259 476 389 478 393 475 394 473 395 472 392 475 392 475 391 476 390 477 391 476 393 474 394 473 1286 449 392 475 391 476 390 477 392 475 392 475 392 475 391 476 393 474 392 475 1260 475 390 477 394 473 391 476 1260 475 391 476 390 477 1262 473 392 475 392 475 1260 475 391 476 391 476 394 473 394 473 393 474 391 476 392 475 1260 475 392 475 1260 475 392 475 392 475 392 475 393 474 391 476 392 476 391 476 394 473 392 475 394 473 1260 475 1260 475 74094 3464 1750 450 419 448 1284 451 418 449 416 451 418 449 419 448 418 449 418 449 418 449 416 451 418 449 416 451 417 450 1285 450 418 449 416 451 416 451 417 450 418 449 417 450 417 450 417 450 418 449 1287 448 419 448 419 448 418 449 1285 450 418 449 418 449 1287 448 417 450 418 449 1287 448 417 450 419 448 418 449 418 449 419 448 417 450 419 448 1287 448 419 448 1285 450 420 447 418 449 418 449 418 449 418 449 419 448 422 445 418 449 419 448 418 449 1288 447 1286 449 74112 3466 1749 475 391 476 1260 476 391 476 395 472 393 474 393 474 391 476 393 475 392 475 419 448 391 477 360 507 392 476 1262 473 391 476 393 474 392 475 393 474 390 477 393 475 391 476 391 476 393 474 1259 476 392 475 392 475 393 474 1263 472 392 475 395 472 1261 474 393 450 416 475 1260 451 418 449 416 451 416 451 415 452 417 450 417 450 415 452 1286 449 416 451 1286 449 416 451 415 452 416 451 417 450 415 452 416 451 417 450 415 452 416 451 419 448 1283 452 1284 451
# 
name: Rgb2
type: raw
frequency: 38000
duty_cycle: 0.330000
data: 3466 1749 450 416 451 1284 451 414 453 415 452 415 452 415 452 416 451 418 449 415 452 415 452 417 450 416 451 418 449 1284 451 414 453 415 452 414 453 418 449 415 452 415 452 417 450 416 451 417 450 1249 486 417 451 418 449 416 451 1284 451 416 451 415 452 1283 452 415 452 418 449 1284 451 416 451 415 452 415 452 417 450 417 450 414 453 1283 452 1283 452 415 452 1283 452 415 452 418 449 416 451 416 451 1285 450 415 452 416 451 416 451 415 452 417 450 1283 452 1284 451 74418 3441 1772 427 439 428 1309 426 440 427 442 449 416 451 417 450 416 452 414 453 415 452 416 427 440 451 414 453 418 426 1310 425 441 426 439 451 416 452 417 450 415 452 416 452 417 450 415 429 439 452 1283 428 440 427 443 424 442 449 1283 428 441 450 418 426 1310 425 440 451 416 428 1308 427 440 427 442 449 415 429 439 452 414 453 417 450 1283 428 1307 428 440 427 1308 427 440 451 415 452 415 452 416 451 1284 450 419 449 415 453 416 451 416 451 416 452 1284 451 1283 452 74410 3464 1748 476 392 475 1258 477 391 476 390 477 392 475 392 475 392 475 392 475 389 478 391 476 392 475 391 476 393 474 1261 498 369 498 368 500 367 500 365 502 366 502 363 505 366 501 368 500 366 501 1234 502 363 504 365 502 364 503 1233 502 367 500 365 502 1234 501 364 503 366 501 1236 499 369 497 367 477 391 476 391 476 390 477 392 475 1259 476 1260 475 391 476 1260 475 392 475 418 449 391 476 392 475 1259 500 366 477 392 498 368 500 370 497 369 498 1236 500 1235 501
# 
name: Dvi-d
type: raw
frequency: 38000
duty_cycle: 0.330000
data: 3444 1773 425 441 426 1308 427 441 426 442 425 440 427 440 427 441 426 439 428 441 426 440 427 440 427 440 427 440 427 1309 426 441 426 442 425 441 426 440 427 441 426 445 422 440 427 441 426 442 425 1311 423 441 426 442 425 441 426 1308 427 443 424 443 424 1311 424 442 425 444 423 1315 420 443 424 443 424 444 423 442 425 441 426 445 422 1312 423 444 423 1312 447 1287 448 1287 449 1289 446 1286 449 418 449 1288 447 1289 446 1286 449 419 448 1290 445 1286 449 418 449 1285 450 74311 3488 1726 473 393 474 1258 477 393 474 392 475 394 473 391 476 392 475 394 473 393 474 392 475 393 474 390 477 392 475 1259 476 393 474 391 476 393 474 392 475 392 475 390 477 393 474 391 476 391 476 1261 474 392 475 391 476 393 474 1287 448 392 475 393 474 1259 476 392 475 394 473 1288 447 391 476 394 473 392 475 392 475 395 449 415 452 1286 449 415 452 1285 474 1261 450 1286 449 1284 475 1260 475 393 450 1284 475 1262 473 1261 474 419 424 1283 475 1261 475 394 449 1284 475 74275 3492 1722 477 391 476 1259 476 391 476 390 477 392 475 392 475 391 476 392 475 391 476 391 476 393 497 369 475 391 499 1237 500 366 501 368 499 366 501 368 500 366 501 367 501 364 503 367 501 366 501 1234 502 365 502 364 503 367 501 1233 502 364 503 364 503 1231 505 362 505 365 502 1231 504 364 503 363 504 363 505 362 505 363 504 363 504 1230 506 363 504 1231 504 1231 504 1229 506 1231 504 1229 506 362 505 1230 505 1231 504 1229 506 362 505 1229 506 1231 504 362 505 1229 506 74263 3463 1749 451 417 450 1284 451 417 450 417 450 415 452 417 450 415 452 415 452 416 451 416 451 418 449 417 450 415 452 1285 450 415 452 416 451 416 451 416 451 418 449 418 449 414 453 415 452 416 451 1287 448 419 448 418 449 417 450 1284 451 415 452 416 474 1260 452 416 451 417 450 1284 451 416 451 416 475 394 450 417 474 393 474 394 473 1261 474 392 475 1262 473 1259 476 1261 474 1259 476 1259 476 391 476 1259 476 1260 475 1259 476 392 475 1260 475 1259 476 392 475 1261 474 74283 3491 1724 475 390 477 1258 477 391 476 391 477 389 478 392 475 391 476 392 475 391 476 393 475 391 476 392 475 391 476 1260 475 390 477 392 475 391 476 390 477 391 476 391 476 391 500 366 502 366 502 1234 502 366 501 363 505 363 504 1233 502 365 502 365 502 1233 503 362 505 366 501 1233 503 363 504 364 503 364 503 364 503 362 505 390 477 1230 506 361 506 1229 506 1232 503 1231 504 1228 507 1228 507 364 503 1257 478 1228 507 1230 505 362 505 1228 507 1229 506 389 478 1229 506
# 
name: Video
type: raw
frequency: 38000
duty_cycle: 0.330000
data: 3466 1746 453 414 452 1285 450 416 452 415 451 415 453 442 450 393 448 418 450 416 450 418 449 418 450 418 449 415 453 1285 450 415 452 417 450 416 452 415 451 416 452 416 451 418 449 416 451 417 451 1284 451 413 454 416 452 415 452 1281 454 413 454 414 453 1283 452 415 453 414 452 1283 452 414 453 417 450 416 452 416 451 417 449 417 451 1285 450 1284 450 419 425 442 450 419 423 443 448 417 452 418 448 1286 449 419 449 416 450 1285 451 416 450 417 451 1284 451 1284 451 74419 3467 1747 452 414 453 1282 428 440 427 440 427 443 448 416 454 416 452 413 454 413 454 412 455 415 452 412 455 413 454 1281 454 412 455 413 454 412 455 413 454 413 454 413 454 413 454 413 454 413 454 1282 453 413 454 413 454 414 453 1281 454 415 452 416 451 1283 451 415 452 415 452 1284 427 440 427 441 426 439 428 442 425 441 426 439 428 1308 427 1310 424 443 424 444 423 442 425 444 423 444 423 443 424 1311 424 444 423 442 425 1313 422 443 424 443 424 1311 424 1311 424 74440 3440 1774 423 442 425 1311 424 444 423 443 424 446 421 443 424 445 422 442 425 442 425 443 424 444 423 442 425 442 425 1312 423 443 425 442 425 443 424 443 424 441 426 442 426 441 426 442 425 443 424 1311 424 442 425 442 425 441 426 1310 425 441 426 441 426 1309 426 442 425 442 425 1309 426 442 425 441 426 441 426 440 427 440 427 441 426 1309 426 1309 426 441 426 441 426 442 425 440 427 440 427 440 427 1312 423 442 425 441 426 1310 425 441 426 441 427 1310 425 1310 425
# 
name: S-Video
type: raw
frequency: 38000
duty_cycle: 0.330000
data: 3464 1749 451 415 452 1282 453 417 450 415 452 416 451 415 453 414 453 417 451 417 450 416 451 415 452 416 451 416 451 1285 450 414 453 414 453 414 453 414 453 415 451 416 428 440 453 415 453 414 453 1281 454 414 453 415 452 412 455 1282 453 411 456 413 454 1281 454 413 454 414 453 1281 454 412 455 414 453 415 452 414 453 413 454 412 455 413 454 413 454 413 454 413 454 414 453 414 453 441 426 416 451 413 454 1281 454 414 453 1282 453 413 454 414 453 1285 450 1282 453 74118 3440 1775 421 444 423 1314 421 444 423 443 424 442 425 444 423 442 425 442 425 443 424 444 423 444 423 445 422 443 424 1310 425 443 424 442 425 444 423 444 423 443 424 442 425 444 423 446 421 443 425 1311 424 442 425 443 424 443 424 1311 424 443 424 443 424 1311 424 444 423 444 423 1312 423 443 424 443 424 445 422 444 423 443 424 443 424 442 425 444 423 442 425 444 423 442 425 444 423 443 424 442 425 443 424 1310 425 442 425 1312 423 442 425 444 423 1310 425 1311 424 74138 3440 1772 450 417 450 1284 451 417 450 418 449 418 449 420 447 418 449 421 446 417 450 418 449 418 449 418 449 418 449 1286 449 444 423 418 449 419 448 417 450 417 450 418 449 418 449 417 450 419 448 1289 446 417 450 417 450 419 448 1286 449 418 449 444 423 1286 449 420 447 418 449 1286 449 419 448 419 448 419 448 417 450 416 451 418 449 416 451 419 448 419 448 418 449 419 448 420 447 419 448 418 449 420 447 1287 448 417 450 1286 449 420 447 420 447 1286 449 1286 449
# 
name: SDI
type: raw
frequency: 38000
duty_cycle: 0.330000
data: 3491 1723 503 361 506 1230 505 363 504 361 506 365 502 362 505 363 504 364 503 364 503 363 504 364 503 364 503 364 503 1231 504 365 502 390 477 363 505 363 504 364 503 366 501 363 504 362 505 363 504 1231 505 361 506 362 505 362 505 1228 507 361 506 361 506 1232 503 361 506 361 506 1229 506 361 506 361 506 362 505 361 506 360 507 361 506 1228 507 360 507 361 506 360 507 360 507 1229 506 362 505 1227 508 1228 507 1228 507 360 507 1228 507 360 507 1229 506 1230 505 361 506 74158 3492 1722 503 365 502 1231 504 367 500 364 503 363 504 363 504 362 505 363 504 364 503 364 503 363 504 363 504 363 504 1231 504 361 506 362 505 364 503 363 504 363 504 363 504 362 505 363 504 362 505 1233 502 362 505 363 504 361 506 1231 505 362 505 362 505 1230 505 362 506 363 504 1229 506 359 508 360 507 364 503 362 506 360 507 360 507 1229 506 361 506 361 506 361 506 361 506 1230 500 366 501 1234 501 1233 426 1311 424 443 424 1309 426 441 426 1312 423 1310 425 442 425 74233 3463 1749 425 443 424 1310 425 443 424 443 424 444 423 442 425 441 426 445 498 367 505 360 508 360 507 362 505 361 506 1230 504 362 504 363 504 365 502 366 501 366 501 367 499 370 474 390 478 391 476 1259 476 390 477 391 476 392 475 1259 476 391 476 393 474 1260 475 393 474 393 474 1261 473 393 451 415 452 416 451 414 453 418 449 417 450 1285 450 418 449 417 450 418 449 417 450 1287 448 418 449 1287 448 1287 448 1286 449 419 448 1288 447 418 449 1285 450 1286 449 418 449 74226 3463 1750 450 415 452 1283 452 415 452 416 451 418 449 419 449 416 451 416 451 416 451 414 453 416 451 417 450 417 450 1283 452 416 451 417 450 416 475 391 476 392 452 417 474 391 476 393 475 392 475 1260 476 392 475 419 448 393 475 1261 473 393 476 391 476 1259 476 392 475 390 477 1259 476 392 475 391 476 392 475 391 476 392 475 393 474 1261 474 393 474 391 476 390 477 391 477 1258 477 390 477 1261 474 1259 476 1259 476 392 475 1258 477 391 476 1259 476 1258 477 394 473 74190 3463 1750 450 415 452 1285 450 417 450 419 448 417 450 417 450 415 452 416 451 416 451 418 449 419 448 416 451 417 450 1286 449 416 451 418 449 418 449 419 448 417 450 419 448 417 450 418 449 419 448 1284 451 417 450 416 451 417 450 1284 451 417 450 416 451 1285 450 418 449 416 451 1284 451 421 446 417 450 419 448 416 451 417 450 417 450 1284 451 416 451 418 449 420 447 419 448 1285 450 417 450 1286 449 1284 451 1285 450 417 450 1286 449 418 449 1287 448 1288 447 417 450
# 
name: Menu
type: raw
frequency: 38000
duty_cycle: 0.330000
data: 3492 1722 477 391 477 1257 478 391 476 392 475 390 477 389 478 391 476 392 475 390 477 395 472 391 476 390 477 391 476 1257 501 369 498 367 477 392 475 390 501 366 502 368 499 368 500 368 499 368 500 1236 500 367 500 365 502 366 502 1233 502 365 502 366 501 1233 503 364 503 365 502 1235 501 363 504 364 503 365 502 365 503 363 504 364 504 363 504 1231 504 367 500 1231 504 1232 503 1232 503 1230 505 365 502 390 477 363 505 363 504 368 499 1231 505 1231 504 363 504 1230 505 74160 3491 1725 502 361 506 1230 505 361 506 362 505 362 505 364 503 364 503 362 505 366 501 364 503 363 504 367 500 362 505 1258 477 363 504 362 505 364 503 362 505 362 505 363 504 364 503 364 503 363 504 1231 504 364 503 362 506 363 504 1234 501 363 504 363 504 1233 502 364 503 363 504 1230 505 365 502 364 503 364 503 363 504 364 503 362 505 363 504 1232 503 363 504 1233 503 1231 504 1230 505 1232 503 363 504 364 503 363 504 362 505 363 504 1231 504 1230 505 363 504 1232 503 74152 3492 1722 503 366 500 1232 503 365 502 365 502 365 502 366 501 367 500 367 500 364 503 365 502 366 501 368 499 366 501 1235 500 370 497 367 500 367 500 367 500 365 502 368 499 366 478 391 499 367 500 1234 501 368 476 391 476 391 476 1259 499 367 477 390 477 1258 477 391 476 390 477 1259 476 390 477 392 475 392 475 390 477 393 474 391 477 391 476 1259 476 394 473 1258 477 1260 475 1259 476 1259 476 394 473 391 476 390 477 391 476 391 476 1260 475 1259 476 391 476 1258 477
# 
name: Up
type: raw
frequency: 38000
duty_cycle: 0.330000
data: 3464 1752 448 418 450 1285 449 416 452 416 452 417 450 417 450 417 450 416 451 415 507 362 505 362 451 417 506 361 506 1231 449 443 479 363 505 360 507 360 507 361 507 360 506 363 505 360 507 362 505 1228 451 418 505 361 507 361 506 1229 506 360 507 361 506 1227 452 416 507 360 507 1228 507 365 502 362 506 363 504 360 507 361 506 360 507 362 505 1230 505 360 507 1232 503 1229 506 360 507 1231 504 361 506 360 507 360 507 364 503 359 508 1228 507 361 506 360 507 1229 506 74367 3464 1751 449 417 450 1284 451 417 450 415 452 418 504 361 506 362 506 361 506 360 452 418 504 363 505 361 506 361 506 1230 505 361 507 360 507 388 480 360 507 360 507 362 505 361 506 359 508 361 507 1231 448 417 506 362 505 362 505 1229 451 416 451 418 505 1233 446 418 505 361 506 1230 424 442 450 417 506 362 450 418 424 442 501 366 426 444 423 1310 425 443 424 1313 422 1311 424 443 424 1310 425 444 423 443 424 441 426 443 424 442 425 1310 425 442 425 441 426 1311 424 74439 3466 1750 424 442 425 1309 426 445 422 441 426 442 425 443 424 443 424 443 424 443 424 442 425 443 424 443 424 443 424 1311 424 444 423 443 424 442 425 442 425 442 425 443 424 442 425 443 424 442 425 1310 425 442 425 442 425 443 424 1311 424 442 425 443 424 1312 423 443 424 441 426 1310 425 441 426 442 425 443 424 442 425 444 423 444 423 442 425 1309 426 442 425 1311 424 1310 425 442 425 1311 424 442 425 444 423 443 424 441 426 443 424 1309 426 444 423 442 425 1309 426 73947 3465 1748 426 443 424 1309 426 443 424 442 425 443 424 444 423 442 425 443 424 441 426 442 425 445 422 443 424 443 424 1311 424 442 425 442 425 442 425 469 398 443 424 443 424 442 425 443 424 443 424 1312 423 443 424 443 424 441 426 1309 426 443 424 442 425 1312 423 443 424 442 425 1308 427 442 425 443 424 443 424 442 425 443 424 441 426 441 426 1310 425 445 422 1311 424 1312 423 442 425 1309 426 442 425 442 425 442 425 442 425 443 424 1311 424 442 425 442 425 1310 425 74451 3463 1750 424 443 424 1310 425 443 424 444 423 443 424 442 425 441 426 441 426 442 425 443 424 443 424 441 426 442 425 1310 425 442 425 442 425 443 424 440 427 442 425 442 425 443 424 441 426 443 424 1310 425 442 425 443 424 442 425 1309 426 443 424 443 424 1315 420 442 425 444 423 1312 423 443 424 442 425 443 424 443 424 443 424 443 424 441 426 1312 423 443 424 1313 422 1311 424 444 423 1309 426 442 425 442 425 442 425 442 425 441 426 1309 426 443 424 441 426 1310 425
# 
name: Right
type: raw
frequency: 38000
duty_cycle: 0.330000
data: 3437 1751 446 447 422 1290 445 420 423 442 448 422 445 422 447 420 448 420 422 447 443 424 447 443 422 420 448 418 450 1289 446 420 447 444 424 423 442 422 447 444 423 419 449 417 449 422 447 418 474 1260 450 418 448 420 472 419 424 1285 450 418 450 417 449 1288 448 420 447 418 450 1287 449 414 453 415 452 418 450 417 449 421 447 415 452 1284 451 419 474 1259 451 1283 452 1288 447 415 451 1285 450 417 450 1284 450 1285 451 1283 452 414 454 1282 453 416 450 416 453 1284 450 74009 3466 1748 451 416 451 1282 453 414 453 416 451 414 453 417 450 416 451 415 452 414 453 416 452 415 452 416 451 417 450 1284 451 415 452 414 453 416 451 416 451 417 450 414 453 419 448 416 452 414 453 1283 452 416 451 415 452 414 453 1286 449 417 450 415 452 1283 452 443 424 416 452 1284 451 414 453 417 450 415 452 416 451 417 450 415 452 1311 424 416 451 1283 452 1282 453 1283 452 415 452 1284 451 418 449 1283 452 1283 452 1285 450 415 452 1283 452 416 451 416 451 1284 451 74000 3467 1748 450 415 452 1285 450 414 453 415 453 441 426 413 454 415 452 416 451 415 453 414 452 415 453 413 454 416 452 1283 451 413 455 413 478 390 478 416 426 414 454 415 453 414 453 413 454 414 453 1283 452 415 452 415 453 414 453 1281 478 390 453 414 454 1283 452 414 453 416 451 1284 451 416 451 416 452 414 453 416 451 414 453 416 452 1282 454 414 452 1282 453 1284 452 1284 451 416 451 1283 452 416 451 1283 452 1285 450 1284 451 416 451 1283 452 415 452 417 451 1282 453 74016 3467 1749 450 414 453 1282 451 416 453 413 454 415 453 415 451 416 453 414 477 389 454 415 452 414 453 418 450 414 453 1285 451 414 453 417 476 391 451 414 453 414 453 415 477 389 453 415 454 415 477 1259 451 414 453 416 451 414 454 1283 476 390 454 415 452 1283 452 416 452 415 451 1284 451 417 451 415 453 414 453 415 452 415 453 414 453 1282 452 417 451 1284 451 1283 450 1284 452 416 451 1284 450 417 450 1286 449 1285 449 1286 448 420 450 1285 425 442 425 442 450 1284 450 74009 3464 1750 450 418 449 1285 450 417 450 418 449 417 450 418 449 415 452 419 448 418 449 418 449 416 451 418 449 416 451 1287 448 418 449 417 450 416 451 444 423 418 449 416 451 417 450 417 450 419 448 1286 449 417 450 418 449 418 449 1286 449 418 449 417 450 1286 449 418 449 419 448 1285 450 419 448 418 449 418 450 418 449 418 449 418 449 1287 448 418 449 1287 448 1285 450 1286 449 418 449 1284 451 418 449 1287 448 1284 451 1285 450 418 449 1285 450 416 451 417 450 1285 450 74001 3492 1724 498 367 477 1259 500 367 500 367 500 367 501 366 500 367 500 368 499 368 499 368 500 369 498 368 499 366 501 1235 501 366 501 366 501 366 501 368 499 366 501 369 498 369 499 365 503 367 500 1234 502 369 498 368 500 366 501 1235 501 366 500 367 501 1234 501 366 501 364 503 1236 500 365 502 367 500 365 502 368 499 367 501 366 501 1233 503 366 501 1234 501 1234 501 1234 502 367 500 1234 501 366 500 1236 499 1235 501 1235 500 367 499 1238 497 367 500 368 499 1236 500
# 
name: Down
type: raw
frequency: 38000
duty_cycle: 0.330000
data: 3491 1722 503 365 502 1232 503 363 504 365 502 365 502 365 502 365 503 365 502 366 501 365 502 365 502 366 501 364 503 1233 503 366 501 364 503 364 503 364 503 364 503 367 500 363 505 365 503 363 504 1232 503 364 503 365 502 364 503 1233 502 364 503 365 502 1232 503 364 503 366 501 1233 502 363 504 364 503 364 503 368 499 367 500 367 500 1233 503 1233 502 363 504 1232 503 1234 501 366 501 1232 503 363 504 1235 500 365 502 365 502 365 502 1233 502 364 502 367 501 1233 502 74155 3493 1722 504 364 503 1230 505 363 504 365 503 364 503 363 504 365 502 362 505 362 505 362 505 363 504 364 503 362 505 1259 476 363 505 364 503 363 504 364 503 363 505 362 505 362 505 362 505 363 504 1231 504 364 503 364 504 362 505 1231 505 362 505 362 505 1230 506 363 504 363 504 1230 505 363 504 363 504 362 505 362 505 363 504 363 504 1232 503 1230 505 362 505 1233 502 1229 506 363 504 1232 503 364 503 1231 504 364 503 365 502 363 504 1232 503 361 506 364 503 1231 504 74165 3489 1723 504 362 505 1230 505 363 504 365 502 362 505 364 503 364 503 364 503 365 502 364 503 365 502 365 502 365 502 1233 502 363 504 364 503 365 502 363 504 363 504 366 501 364 503 364 503 364 504 1232 503 363 504 365 502 365 502 1236 499 366 501 366 501 1232 503 365 502 365 502 1234 501 364 503 365 502 365 502 366 502 366 501 366 501 1235 500 1234 501 365 502 1233 502 1236 499 368 498 1235 501 367 500 1236 475 391 476 390 477 391 476 1263 472 391 476 391 476 1259 476 74190 3491 1723 476 391 476 1259 476 391 476 393 474 391 476 391 476 392 475 391 476 393 474 390 477 393 474 392 475 392 475 1260 475 391 477 393 474 391 476 418 449 391 476 393 474 391 476 393 474 394 474 1261 474 392 475 392 475 392 474 1261 475 393 475 392 475 1258 477 390 477 419 448 1259 476 390 453 415 452 416 451 415 452 418 449 415 452 1283 452 1287 448 418 449 1285 450 1284 451 416 451 1284 451 416 451 1285 450 416 451 417 450 417 450 1285 450 418 449 419 448 1284 451
# 
name: Left
type: raw
frequency: 38000
duty_cycle: 0.330000
data: 3466 1747 452 415 452 1284 451 415 452 416 451 415 452 414 453 413 454 415 453 416 451 416 451 416 451 414 453 417 450 1282 453 417 450 415 452 417 450 415 452 414 453 415 452 416 451 415 452 415 452 1283 452 415 452 415 452 415 452 1282 453 414 453 415 452 1283 452 415 452 415 452 1281 454 416 451 416 451 415 452 414 453 417 450 418 449 414 453 415 452 1282 453 1283 452 1283 452 414 453 1283 452 414 453 414 453 1284 451 1283 452 415 452 1283 452 414 453 416 451 1283 452 74206 3468 1745 454 414 453 1282 453 413 454 414 453 412 455 412 455 413 454 412 455 413 454 413 454 440 427 412 455 412 455 1281 454 413 454 413 454 412 455 413 454 412 455 413 454 414 453 417 450 413 454 1280 455 414 453 413 454 412 455 1283 452 413 454 414 453 1281 454 413 454 412 455 1280 455 414 453 413 454 413 454 413 454 413 454 412 455 413 455 414 453 1281 454 1280 455 1283 452 411 456 1281 454 413 454 414 453 1280 480 1255 455 412 456 1282 453 415 452 413 453 1282 454 74213 3468 1746 453 413 454 1280 455 412 455 413 454 412 455 413 454 411 456 414 453 414 453 412 455 412 455 412 455 414 453 1281 454 414 453 412 455 414 453 414 453 414 453 412 455 414 453 414 453 412 455 1308 427 412 455 413 454 412 455 1281 454 414 453 413 454 1281 454 415 452 413 454 1280 455 412 455 414 453 416 451 412 455 412 455 412 455 413 454 413 454 1281 454 1281 454 1281 454 413 454 1280 455 412 455 414 453 1280 455 1281 454 413 455 1280 455 414 454 413 454 1281 454 74212 3442 1775 446 417 450 1287 448 418 449 418 449 419 449 418 449 417 451 417 450 416 451 418 450 416 451 417 451 419 448 1286 449 415 452 416 452 415 476 392 475 392 476 393 474 395 473 392 476 391 476 1261 474 391 476 391 476 390 500 1235 502 364 504 367 501 1233 503 363 505 363 504 1232 504 362 506 362 505 362 505 361 506 360 507 361 506 361 506 360 426 1309 426 1311 424 1310 425 442 425 1311 424 442 425 442 425 1310 425 1309 426 443 424 1309 426 442 425 443 424 1310 425 74252 3462 1751 423 446 421 1311 424 442 425 446 421 443 424 443 424 444 423 443 505 361 506 361 507 361 507 361 506 362 505 1229 506 362 505 362 505 360 507 360 507 360 507 361 506 361 506 360 507 362 505 1233 502 362 505 361 506 360 507 1227 508 364 503 362 505 1231 504 362 505 361 506 1231 504 365 502 363 504 365 502 361 506 363 504 364 503 363 504 364 503 1231 504 1231 504 1232 503 362 505 1231 504 364 503 363 504 1230 505 1232 503 364 503 1231 504 365 502 365 502 1233 502 74164 3492 1725 473 390 477 1258 477 391 476 390 477 392 475 392 475 390 477 389 478 393 474 392 475 390 477 391 476 392 475 1258 478 389 478 391 476 390 477 391 476 392 475 392 475 392 475 392 475 389 478 1258 477 391 476 392 475 390 477 1259 476 392 475 393 474 1259 476 390 477 391 476 1256 479 390 477 390 477 392 475 390 478 392 475 391 476 391 476 391 476 1258 477 1259 476 1258 477 390 477 1259 476 390 477 391 476 1259 476 1257 478 390 477 1258 477 391 476 392 476 1259 476
# 
name: Enter
type: raw
frequency: 38000
duty_cycle: 0.330000
data: 3490 1722 502 368 499 1235 500 369 498 367 501 366 501 366 501 365 502 368 500 365 502 365 502 366 501 367 500 366 501 1234 502 365 501 367 500 367 501 366 500 368 500 366 501 366 502 366 501 367 500 1237 499 369 499 368 475 392 499 1238 497 369 475 391 476 1259 499 394 450 391 476 1261 474 389 478 393 475 390 477 392 475 390 477 391 476 389 478 1260 475 391 476 391 476 1258 477 1260 475 1257 478 390 477 389 478 390 477 392 475 1261 474 1256 479 1258 477 390 477 1257 478 74190 3491 1724 475 390 477 1260 475 390 477 390 477 392 476 391 476 392 475 391 476 391 476 391 476 393 474 392 475 392 475 1261 474 392 475 392 475 419 424 417 474 392 452 416 451 416 451 416 451 415 452 1285 450 418 449 418 449 417 450 1284 451 416 451 418 449 1285 450 416 451 417 450 1284 451 418 449 418 449 416 451 418 449 417 450 417 450 416 451 418 449 1284 451 1286 449 1286 449 419 448 1285 450 418 449 417 450 1286 449 1285 450 417 450 1286 449 417 450 418 449 1285 450
# 
name: Shutter
type: raw
frequency: 38000
duty_cycle: 0.330000
data: 3464 1753 421 441 426 1313 422 470 397 442 425 442 425 442 425 442 425 442 425 443 424 442 425 443 425 442 425 442 425 1311 424 441 426 442 425 442 425 442 425 441 426 443 424 443 424 445 422 444 423 1310 425 443 424 443 424 442 425 1312 423 442 425 441 426 1308 427 443 424 442 425 1310 425 443 424 440 427 442 425 441 426 441 426 442 425 1308 427 443 424 444 423 442 425 1313 422 442 425 443 424 1309 426 1310 425 1312 423 441 426 1308 427 1309 426 441 426 1310 425 443 424 74241 3464 1749 426 442 425 1310 425 441 426 443 424 443 424 443 424 442 425 443 424 442 425 441 426 441 426 442 425 441 426 1309 426 441 426 442 425 442 425 442 425 442 425 443 424 441 426 441 426 442 425 1307 428 442 425 443 424 442 425 1310 425 441 426 442 425 1311 424 442 425 442 425 1308 427 441 426 442 425 441 426 440 427 442 425 442 425 1310 425 442 425 441 426 442 425 1309 426 441 426 441 426 1309 426 1310 425 1310 425 441 426 1312 423 1311 424 441 426 1309 426 444 423 74233 3492 1721 504 367 500 1233 502 364 503 365 502 365 502 364 504 365 502 363 504 365 503 366 501 365 502 365 502 365 502 1234 502 365 502 367 501 367 500 367 501 364 503 367 500 366 501 365 502 365 502 1234 501 367 501 365 502 364 503 1233 503 364 503 364 504 1232 504 362 505 362 505 1230 506 362 505 361 507 360 507 362 505 361 425 443 424 1311 424 443 424 441 426 443 424 1311 424 443 424 443 424 1311 424 1311 424 1310 425 442 425 1308 427 1310 425 442 425 1310 425 442 425
# 
name: On_Screen
type: raw
frequency: 38000
duty_cycle: 0.330000
data: 3467 1747 452 416 451 1283 452 416 451 415 452 418 449 415 452 414 453 415 452 415 452 414 453 417 450 416 451 416 451 1282 453 416 451 415 452 414 453 415 452 415 452 415 452 414 453 415 452 414 453 1283 452 415 452 415 452 416 451 1284 451 418 449 415 452 1282 453 414 453 415 452 1284 451 414 453 415 452 416 451 414 453 415 452 414 453 414 453 1283 452 416 451 415 452 415 452 1283 452 1283 452 413 454 415 453 416 451 416 451 1282 452 415 452 1283 427 440 427 1308 453 74420 3440 1772 424 442 425 1310 425 443 424 470 397 444 447 418 449 420 423 443 449 420 447 418 450 418 449 417 450 419 448 1286 449 415 452 418 450 446 421 420 448 421 446 418 449 417 450 417 450 418 449 1287 448 419 448 417 450 417 450 1285 450 417 450 420 447 1285 450 418 449 417 450 1286 449 416 451 418 449 418 449 418 449 418 449 416 451 418 449 1287 448 416 451 418 449 415 452 1286 449 1284 451 416 451 417 450 416 451 416 451 1284 451 417 450 1285 450 416 451 1285 450 74415 3464 1750 450 417 425 1311 424 444 423 446 421 443 424 443 424 443 424 444 423 446 421 443 424 442 425 441 426 444 423 1309 426 443 424 443 424 442 425 442 425 441 426 442 425 442 425 443 424 444 423 1311 424 444 423 443 424 443 424 1311 424 442 425 441 426 1309 426 443 424 443 424 1312 423 441 426 442 425 443 424 444 423 442 425 445 422 443 424 1310 425 441 426 442 425 444 423 1311 424 1309 426 444 423 443 424 443 424 442 425 1310 425 442 425 1311 424 442 425 1311 424 73946 3465 1750 425 440 427 1311 424 442 425 443 424 441 426 442 425 444 423 443 424 442 425 443 424 443 424 442 425 444 423 1309 426 441 426 442 425 442 425 441 426 444 423 442 425 444 423 443 424 442 425 1308 427 444 423 443 424 444 423 1314 421 444 423 443 450 1312 478 360 508 360 507 1229 506 360 507 363 504 362 505 361 506 362 505 362 505 364 503 1232 503 365 502 365 502 364 503 1233 502 1232 503 366 501 366 501 367 500 367 500 1232 503 367 500 1234 502 364 503 1234 502 74372 3463 1749 426 444 423 1311 424 442 425 443 424 442 425 442 425 442 425 445 422 444 423 443 424 443 424 443 424 442 425 1309 426 442 425 441 426 443 424 443 424 443 424 443 424 442 425 445 422 442 425 1312 423 441 426 442 425 442 425 1310 425 442 425 444 423 1311 424 441 426 442 425 1309 426 442 425 443 424 441 426 441 426 444 423 441 426 443 424 1311 424 442 425 443 424 443 424 1310 425 1309 426 441 426 443 424 444 423 442 425 1311 424 442 425 1311 424 443 424 1310 425
# 
name: Aspect
type: raw
frequency: 38000
duty_cycle: 0.330000
data: 3444 1771 428 439 452 1283 428 440 427 441 426 438 453 415 429 441 449 415 430 439 428 438 429 439 428 440 451 416 451 1287 424 439 429 439 428 439 428 440 427 441 426 440 427 441 426 440 451 414 430 1307 428 440 427 439 428 442 425 1307 428 441 426 439 428 1308 427 441 426 443 424 1309 426 440 427 468 399 441 426 441 426 440 427 441 426 441 426 1310 425 1312 423 1310 425 1338 397 443 424 1311 424 1310 425 443 448 419 448 1288 448 417 450 1285 450 418 449 418 449 416 451 74216 3442 1773 424 442 425 1310 425 442 425 445 422 444 423 444 424 443 424 443 424 442 425 442 425 469 398 442 426 441 426 1310 425 441 427 442 425 440 427 441 427 440 427 441 426 440 427 438 429 443 424 1309 426 440 428 439 428 440 427 1307 428 440 427 440 427 1309 426 440 427 440 451 1281 430 439 452 415 452 415 452 416 452 415 452 417 450 413 454 1283 452 1284 451 1284 427 1309 426 440 451 1286 449 1283 428 443 448 416 450 1285 427 438 429 1307 428 440 427 438 429 439 428 74231 3464 1749 451 416 451 1285 450 417 450 418 450 415 452 416 451 416 451 419 448 417 450 415 502 365 452 417 450 418 449 1284 451 415 452 415 452 418 449 416 451 415 452 417 450 418 449 418 449 416 451 1286 449 443 424 415 452 443 424 1284 451 415 452 415 452 1283 452 443 424 415 452 1283 452 416 451 416 451 417 450 420 447 418 449 417 450 415 452 1285 474 1261 474 1261 474 1258 477 390 477 1262 473 1259 452 417 450 415 476 1259 453 416 475 1258 477 393 474 391 476 395 472 74201 3464 1750 450 415 452 1285 450 416 451 416 451 416 451 417 450 416 451 417 450 417 450 417 450 417 450 417 450 415 452 1284 451 417 450 421 446 417 450 418 449 418 449 419 448 416 451 417 450 419 448 1285 450 420 447 418 449 416 451 1288 447 419 448 418 449 1285 450 417 450 417 450 1284 451 417 450 443 424 420 447 417 474 391 476 392 476 391 477 1259 477 1257 478 1262 496 1236 502 365 503 1232 504 1233 503 362 506 361 506 1229 507 362 505 1229 501 367 501 366 501 365 502
# 
name: Focus
type: raw
frequency: 38000
duty_cycle: 0.330000
data: 3467 1747 452 413 454 1283 452 415 452 415 452 414 453 413 454 414 454 414 453 415 452 415 452 414 453 412 455 414 453 1284 450 415 452 415 452 415 452 416 451 415 452 414 429 441 450 416 428 442 425 1307 428 441 426 438 429 442 425 1307 428 440 427 440 427 1308 427 439 428 441 426 1312 423 443 424 440 427 443 424 442 425 442 425 441 426 440 427 1310 425 1310 425 1310 425 1309 426 442 425 442 425 1309 426 443 424 443 424 1309 426 441 426 1310 425 442 425 1310 425 442 425 74239 3443 1772 449 419 448 1286 449 419 448 418 449 417 450 418 449 418 449 418 449 420 448 421 446 419 448 419 448 445 422 1287 448 421 446 417 450 418 449 419 448 420 447 418 449 420 447 419 448 419 448 1287 448 417 450 418 449 421 446 1285 450 419 449 419 448 1284 451 419 448 419 448 1288 447 417 450 419 448 417 450 419 448 419 448 419 448 421 446 1287 448 1287 448 1286 449 1285 450 419 448 418 449 1287 448 421 446 422 445 1287 448 420 447 1287 448 418 449 1286 449 420 448 74238 3440 1746 453 414 454 1281 454 412 456 413 454 413 455 414 453 413 454 416 451 413 454 412 455 414 453 413 454 413 454 1281 454 412 455 412 455 413 454 412 455 415 452 413 454 414 453 412 455 414 453 1281 454 413 454 412 455 414 453 1285 450 414 453 413 454 1282 453 413 454 413 454 1281 454 415 452 413 454 414 453 414 453 411 456 414 453 411 456 1282 453 1308 427 1283 452 1283 452 415 452 414 427 1307 428 442 450 415 453 1283 452 413 454 1283 452 415 452 1283 452 415 452
# 
name: Zoom
type: raw
frequency: 38000
duty_cycle: 0.330000
data: 3468 1747 451 415 452 1282 453 413 454 413 454 415 452 414 453 414 453 415 452 417 450 414 453 413 454 416 451 413 454 1283 452 415 452 414 453 414 453 414 453 415 452 413 454 415 452 414 453 416 451 1283 452 416 452 415 452 414 453 1285 450 417 450 414 453 1283 452 415 428 440 451 1284 427 438 429 439 452 415 452 415 429 442 449 418 449 415 452 415 452 1286 425 1308 427 1307 428 439 428 442 425 1307 428 440 427 1307 428 1308 427 441 426 1308 427 441 426 1307 428 442 426 74239 3467 1746 452 414 454 1284 450 415 453 442 425 415 453 415 452 415 452 414 453 414 453 414 454 414 453 414 453 414 453 1282 453 413 454 414 453 414 453 416 451 414 453 415 452 414 453 416 451 416 451 1281 454 414 453 413 454 414 453 1281 454 415 452 415 452 1282 453 414 453 416 451 1281 454 414 453 415 452 415 452 416 451 414 453 415 452 417 450 415 452 1283 452 1283 452 1282 453 415 452 414 453 1283 452 415 452 1282 453 1283 452 414 453 1282 453 415 452 1285 450 414 453 74206 3441 1771 426 441 426 1311 424 445 422 443 424 442 425 444 423 443 424 442 425 441 426 444 423 443 424 445 422 443 424 1312 423 443 424 443 424 445 422 442 425 444 423 443 424 444 423 441 426 445 422 1311 424 444 423 443 424 444 423 1311 447 421 447 424 419 1311 449 420 447 419 448 1285 450 419 448 420 448 419 448 418 449 418 449 419 448 417 450 419 448 1287 448 1286 449 1286 449 418 449 419 448 1285 450 417 450 1286 449 1286 449 419 448 1287 448 417 450 1286 449 417 450 74224 3492 1722 504 364 504 1231 504 362 505 363 504 361 507 365 502 363 504 363 504 363 505 361 506 362 505 363 505 365 502 1230 505 363 504 361 506 364 504 361 506 362 505 363 504 363 504 363 504 362 505 1258 477 364 503 362 505 362 505 1230 505 360 507 364 504 1230 505 362 505 361 506 1230 505 362 505 360 507 361 506 361 506 361 506 361 506 362 505 361 506 1228 507 1228 507 1230 505 359 508 361 506 1229 506 360 507 1231 504 1227 508 360 507 1230 505 360 507 1228 507 360 507
# 
name: Shift
type: raw
frequency: 38000
duty_cycle: 0.330000
data: 3441 1771 426 442 425 1311 424 442 425 442 425 441 426 442 425 441 426 443 424 441 426 442 425 442 425 442 425 441 426 1310 425 442 425 443 424 444 423 442 425 443 424 443 424 442 425 442 425 442 425 1309 426 444 423 443 424 444 423 1312 423 442 425 442 425 1310 425 442 425 442 426 1311 424 443 424 442 425 444 424 442 425 441 426 442 425 1310 425 442 425 1310 425 1312 423 1309 426 440 427 441 427 1309 426 1308 427 1309 426 1309 426 441 427 1310 425 440 428 1308 427 440 427 74032 3440 1772 450 444 423 1289 446 417 450 417 450 416 451 416 451 416 452 418 449 418 449 421 446 417 450 415 452 416 451 1285 450 415 452 416 451 415 452 415 476 419 448 392 452 415 476 392 475 391 476 1259 476 391 476 390 477 392 475 1261 474 390 477 390 477 1260 475 391 476 392 475 1260 475 392 475 389 478 390 477 418 449 390 477 390 477 1259 476 391 476 1259 476 1257 503 1236 500 365 502 368 500 1234 502 1231 505 1232 503 1230 506 363 504 1233 503 361 506 1229 506 366 501 73944 3465 1750 425 442 425 1310 425 444 423 443 424 443 424 441 426 469 398 442 425 442 426 442 425 442 425 441 426 441 426 1309 426 441 426 443 424 441 426 442 425 442 425 442 425 441 426 442 425 442 426 1309 426 440 427 441 426 441 427 1310 426 440 428 441 426 1308 518 349 519 349 519 1215 525 342 526 341 527 341 527 341 527 340 528 341 531 1203 533 334 533 1202 533 1202 533 1202 532 335 527 340 527 1208 527 1208 526 1209 521 1214 518 349 428 1306 428 440 427 1309 425 441 426 74041 3491 1722 503 363 504 1231 504 363 504 364 503 365 502 365 502 366 501 367 500 365 502 364 503 366 501 366 501 366 502 1236 499 365 501 367 501 366 501 366 501 365 502 365 502 393 474 367 500 365 502 1235 500 365 502 366 501 367 501 1232 503 367 500 365 502 1233 502 366 501 393 474 1232 503 365 502 366 501 366 501 365 502 367 500 365 502 1233 503 365 502 1233 503 1234 501 1232 503 364 503 366 501 1232 504 1233 502 1233 502 1231 504 363 504 1233 502 363 504 1230 505 363 504 73956 3491 1727 472 391 476 1260 475 392 475 391 476 392 475 391 476 392 475 393 474 393 474 392 452 417 450 416 451 416 451 1311 424 417 450 416 451 416 451 417 450 418 449 416 451 416 451 416 451 417 450 1284 451 416 451 416 451 418 449 1286 449 418 449 418 449 1285 450 417 450 419 448 1285 450 417 450 419 448 417 450 417 450 416 451 417 450 1287 448 418 449 1313 422 1285 450 1288 447 418 449 419 448 1287 448 1286 449 1286 449 1287 448 418 449 1287 448 422 445 1288 447 419 448 74005 3440 1773 423 443 424 1311 424 442 425 444 423 443 424 442 425 442 425 442 425 441 426 442 425 442 425 443 424 442 426 1310 425 441 426 441 427 441 426 442 425 442 425 442 425 442 425 442 425 441 426 1311 424 441 427 442 425 442 425 1309 426 441 426 440 427 1310 425 442 425 442 425 1310 425 442 425 442 426 442 425 441 426 442 425 442 425 1310 425 441 426 1310 425 1337 398 1309 426 441 426 442 426 1310 425 1312 423 1310 425 1309 426 441 426 1309 426 442 426 1309 426 469 398
# 
name: Test_Pattern
type: raw
frequency: 38000
duty_cycle: 0.330000
data: 3442 1773 449 419 448 1286 449 417 450 416 451 444 423 418 449 417 450 419 448 418 449 417 450 418 449 419 448 419 448 1285 450 416 451 417 450 417 450 418 450 416 451 417 450 417 450 416 451 415 452 1285 450 417 450 416 451 417 450 1287 448 418 449 418 449 1288 447 415 452 418 450 1288 447 445 422 419 448 417 450 420 447 417 450 417 450 419 448 418 449 418 449 418 449 418 449 420 447 1286 449 417 450 420 447 1286 449 418 449 1286 449 420 447 418 449 418 449 1287 448 74122 3442 1771 427 439 428 1309 426 442 425 439 428 439 428 440 427 438 429 439 428 439 428 443 424 441 426 441 426 467 400 1307 428 467 400 440 428 439 428 439 428 440 427 440 428 439 428 441 426 441 426 1308 427 440 427 441 426 439 428 1308 427 440 427 440 427 1307 428 441 426 467 400 1308 427 439 428 440 427 439 428 441 426 440 427 438 429 440 427 441 426 442 425 440 427 440 427 440 427 1309 426 440 427 442 425 1308 427 443 424 1309 426 442 425 442 425 441 426 1309 426 74137 3440 1772 450 418 449 1287 448 416 451 420 447 418 449 417 450 418 449 419 448 418 449 419 448 419 448 418 449 419 448 1286 449 419 448 418 449 418 449 417 450 420 448 419 448 417 450 418 449 417 450 1286 449 417 450 419 448 418 449 1287 448 418 449 419 449 1287 448 418 449 419 448 1287 448 419 448 419 448 418 449 417 450 445 422 418 449 419 448 418 449 418 449 417 450 418 449 419 448 1286 449 418 449 418 449 1286 449 418 449 1284 451 419 448 418 449 418 449 1288 447
# 
name: Function
type: raw
frequency: 38000
duty_cycle: 0.330000
data: 3468 1746 452 414 453 1281 454 415 453 414 453 413 454 412 455 413 455 412 455 414 453 414 453 412 455 413 454 412 456 1281 454 413 454 414 453 412 455 415 452 412 455 413 455 414 453 413 454 414 453 1280 455 413 455 413 454 412 455 1281 454 415 452 413 454 1283 452 412 455 413 454 1280 455 413 454 413 454 413 454 414 453 413 455 412 455 1283 452 413 428 1308 427 1307 453 1282 453 415 452 415 452 1284 451 1284 451 1282 453 1283 452 414 453 1283 452 414 453 1284 451 415 452 74007 3440 1773 451 417 449 1285 450 418 449 418 449 417 451 414 453 416 451 416 451 417 451 417 450 418 449 415 452 416 452 1284 451 416 451 415 452 416 451 416 451 415 452 414 453 415 452 417 450 417 450 1283 452 414 453 416 451 415 452 1284 451 416 451 415 452 1283 452 418 449 415 452 1283 452 414 453 416 451 415 452 417 450 413 454 415 452 1283 452 415 451 1284 454 1280 455 1280 455 412 455 413 454 1281 454 1281 454 1281 454 1282 452 412 455 1282 453 416 451 1282 452 414 453
# 
name: 1
type: raw
frequency: 38000
duty_cycle: 0.330000
data: 3439 1773 448 419 448 1285 451 417 450 417 450 417 450 417 450 419 448 417 450 416 451 417 450 418 449 419 448 417 450 1287 448 418 449 416 451 416 451 419 448 418 449 418 449 417 450 416 451 415 452 1284 451 417 450 416 451 418 449 1288 447 414 453 416 451 1283 452 416 451 415 452 1286 449 416 451 415 452 417 450 416 451 416 451 416 451 418 449 414 453 418 449 415 452 1284 451 415 452 416 451 416 451 416 451 1283 452 416 451 1283 476 1260 474 397 447 1285 450 1284 451 73918 3442 1773 423 444 423 1311 424 443 424 443 424 441 426 442 425 442 425 470 397 441 427 440 427 443 424 442 425 442 425 1311 424 442 425 442 425 443 424 444 423 442 425 442 425 444 423 442 425 442 425 1338 397 443 424 442 425 443 424 1311 424 442 425 444 423 1312 423 444 423 440 427 1310 425 443 424 443 424 442 425 442 425 442 425 443 424 443 424 443 424 442 425 444 423 1310 425 443 424 443 424 443 424 443 424 1310 425 444 423 1309 426 1338 397 445 423 1312 423 1309 426 74448 3441 1772 425 469 398 1310 425 444 423 443 424 441 426 441 426 442 425 439 428 443 425 443 424 441 426 441 426 442 425 1310 424 442 425 440 427 442 425 440 427 445 422 442 425 445 422 441 426 470 397 1315 420 443 424 442 425 442 425 1310 425 442 425 443 424 1310 425 443 448 420 447 1288 448 418 449 417 450 418 450 419 448 419 448 419 448 445 422 417 450 419 448 417 451 1287 448 417 450 417 450 417 450 419 448 1284 451 417 450 1284 451 1287 448 418 450 1283 452 1283 452
# 
name: 2
type: raw
frequency: 38000
duty_cycle: 0.330000
data: 3442 1773 449 419 448 1286 449 418 449 418 450 418 449 419 448 417 450 420 447 417 450 419 448 418 449 421 446 417 450 1287 448 417 450 419 448 418 449 421 446 416 451 418 449 419 448 419 448 418 449 1286 449 417 450 417 450 417 450 1287 448 420 447 416 451 1286 449 420 447 417 450 1288 447 417 450 416 451 419 448 418 449 417 450 416 451 1285 450 418 449 415 452 416 451 1285 450 416 451 417 450 415 452 1284 451 1283 452 416 451 1282 453 1284 451 416 451 1284 451 1283 476 74197 3490 1723 505 362 505 1232 503 362 505 363 505 362 505 363 504 362 505 362 505 362 505 363 504 362 505 362 505 362 505 1230 505 365 502 365 502 391 476 362 505 363 504 365 502 363 504 363 504 365 502 1232 503 364 503 363 504 366 501 1232 503 368 499 367 500 1233 502 364 503 365 503 1232 502 364 503 366 501 366 501 366 501 366 501 366 501 1235 501 370 497 366 501 368 499 1234 501 366 501 366 501 365 502 1233 501 1234 502 366 501 1235 500 1234 501 366 501 1236 500 1234 501
# 
name: 3
type: raw
frequency: 38000
duty_cycle: 0.330000
data: 3440 1774 422 443 424 1310 425 441 426 441 426 442 426 442 425 442 426 443 424 441 427 441 427 441 427 440 427 440 428 1309 426 440 428 438 429 439 452 416 452 414 453 415 453 413 454 413 455 415 453 1281 454 413 454 413 454 413 454 1280 455 413 454 414 453 1281 454 412 455 414 453 1280 455 413 454 412 455 412 455 414 453 413 454 412 455 412 455 1280 455 412 455 413 454 1281 454 413 454 415 453 412 455 413 454 417 450 413 453 1283 454 1280 455 413 452 1283 454 1281 454 73915 3442 1772 426 440 427 1309 426 440 427 440 427 441 426 441 426 439 428 441 426 441 426 441 426 439 428 440 427 441 426 1309 426 441 426 442 425 443 424 439 428 440 427 441 426 439 428 441 426 440 427 1336 398 442 426 439 428 441 426 1336 399 442 425 441 426 1308 427 440 428 443 424 1310 425 440 427 443 424 442 425 441 426 441 426 441 426 468 399 1307 428 442 425 440 427 1310 425 443 424 441 426 441 426 440 427 441 426 440 427 1310 425 1310 425 442 425 1309 426 1311 424
# 
name: 4
type: raw
frequency: 38000
duty_cycle: 0.330000
data: 3463 1750 450 416 451 1284 451 415 452 416 451 416 451 417 450 416 451 416 451 418 449 417 450 416 451 416 451 416 451 1282 453 417 450 416 451 416 451 415 452 414 453 415 452 416 451 415 452 415 452 1283 452 416 451 418 449 416 451 1285 450 415 452 416 451 1284 451 416 451 416 451 1284 451 415 452 417 450 416 451 418 449 416 451 417 450 1311 424 1284 451 416 451 419 448 1284 451 417 450 415 452 420 447 1283 452 416 451 416 451 1284 451 1285 450 416 451 1284 451 1284 451 74226 3436 1772 451 418 449 1285 450 418 449 417 450 416 451 416 451 419 448 417 450 417 450 418 449 417 450 418 449 418 449 1284 451 417 450 416 451 417 450 417 450 417 450 418 449 418 449 418 449 419 448 1286 449 416 451 417 450 417 450 1286 449 419 448 417 450 1288 447 417 450 416 451 1285 450 416 451 417 450 416 451 417 450 419 448 418 449 1286 449 1284 451 417 450 416 452 1286 449 418 449 418 449 417 450 1284 451 417 450 417 450 1284 451 1284 451 420 447 1284 451 1285 450
# 
name: 5
type: raw
frequency: 38000
duty_cycle: 0.330000
data: 3488 1722 477 391 477 1257 478 392 476 390 477 391 476 395 472 391 476 391 476 391 476 391 476 390 477 392 475 391 476 1260 475 393 474 393 474 392 475 390 477 391 476 392 475 419 448 392 475 391 477 1263 471 392 475 393 450 416 451 1283 452 416 451 420 447 1283 452 417 450 417 450 1286 449 419 448 418 449 418 449 416 451 417 450 417 450 416 451 416 451 1288 447 419 448 1285 450 417 450 417 450 417 450 417 450 1289 446 1287 448 1286 449 1287 448 418 449 1287 448 1287 448 74222 3443 1771 426 441 426 1312 423 442 425 440 427 441 426 441 426 441 426 441 426 442 425 443 424 440 427 442 426 442 425 1308 426 444 424 441 426 440 427 441 426 442 425 439 428 442 426 441 426 440 427 1309 426 443 424 441 426 441 426 1309 426 441 426 441 426 1311 424 443 424 441 426 1309 426 441 426 443 424 441 426 441 426 440 427 441 426 440 427 443 424 1308 427 442 425 1309 426 441 426 441 426 441 426 444 423 1308 427 1309 426 1310 425 1311 424 469 398 1310 425 1310 425
# 
name: 6
type: raw
frequency: 38000
duty_cycle: 0.330000
data: 3439 1772 450 416 451 1286 449 419 448 418 449 418 449 418 449 418 449 418 450 418 449 418 449 417 450 416 451 416 451 1286 449 416 451 418 449 416 451 415 452 418 449 415 452 417 451 417 450 416 451 1285 450 416 451 415 452 416 451 1286 449 416 451 417 450 1286 449 417 450 416 451 1282 453 416 451 418 449 417 450 416 451 416 451 417 450 1284 451 417 450 1282 453 416 451 1287 448 417 450 417 450 417 450 1284 451 1284 451 1284 451 1285 450 1287 448 419 448 1285 450 1286 449 74015 3442 1770 426 444 424 1311 424 442 425 441 426 443 424 443 424 443 424 441 426 441 427 443 424 440 427 441 426 441 426 1310 425 442 425 442 425 442 425 442 425 442 425 440 427 442 426 441 426 441 426 1310 425 440 427 444 423 443 424 1308 427 441 426 442 425 1309 426 443 424 443 424 1309 426 442 425 443 424 443 424 441 426 440 427 441 426 1310 425 442 425 1337 398 442 425 1312 423 442 425 442 425 440 427 1310 425 1314 421 1310 425 1312 423 1312 423 442 425 1310 425 1310 425
# 
name: 7
type: raw
frequency: 38000
duty_cycle: 0.330000
data: 3469 1744 455 414 453 1280 455 414 453 411 456 414 453 414 453 417 450 413 454 413 454 413 454 412 455 413 454 414 453 1282 453 413 454 413 454 414 453 414 453 415 452 412 455 414 453 413 454 414 453 1284 450 414 453 415 452 413 454 1284 451 414 453 414 453 1283 452 419 424 441 426 1308 427 441 426 440 427 440 427 439 428 440 427 440 427 440 427 1308 426 1309 426 441 426 1307 427 441 426 443 424 441 426 442 425 442 425 1310 425 1311 424 1310 425 441 426 1310 425 1312 423 74247 3442 1772 424 442 425 1310 425 443 424 442 425 442 425 442 425 442 425 444 423 443 424 443 424 442 449 421 423 443 448 1288 447 418 449 419 448 418 449 418 449 418 449 419 448 420 447 418 449 418 449 1286 449 418 449 421 446 420 448 1286 449 418 449 420 447 1288 447 418 449 419 448 1287 448 418 449 418 449 417 450 417 450 417 450 418 449 419 448 1287 448 1286 449 418 449 1284 451 420 447 417 450 418 449 419 448 418 449 1287 448 1286 449 1285 450 417 450 1286 449 1285 450
# 
name: 8
type: raw
frequency: 38000
duty_cycle: 0.330000
data: 3414 1774 448 417 450 1286 449 420 447 418 449 418 449 421 446 418 449 420 447 421 446 418 449 418 449 419 448 420 447 1287 424 442 425 442 425 441 426 443 424 442 425 443 424 442 425 442 425 443 424 1310 425 444 424 443 424 443 424 1312 423 444 423 443 424 1310 425 443 424 444 423 1311 424 442 425 443 424 443 424 443 424 442 425 443 424 1310 425 1311 424 1310 425 443 424 1314 421 445 422 442 425 442 425 1311 424 442 425 1309 426 1311 424 1310 425 443 424 1310 425 1311 424 74044 3466 1747 452 412 455 1281 453 414 452 415 452 416 450 416 427 440 427 439 428 441 426 440 427 441 426 441 426 439 428 1307 428 439 428 440 427 441 426 440 427 441 426 441 426 442 425 443 424 439 428 1309 426 440 427 440 427 442 425 1309 426 443 424 441 426 1310 425 441 426 442 425 1311 424 444 423 442 425 469 398 441 426 442 425 441 426 1311 424 1313 422 1309 426 441 426 1308 427 441 426 441 427 441 426 1310 425 440 427 1308 427 1307 428 1310 425 440 427 1307 428 1308 450
# 
name: 9
type: raw
frequency: 38000
duty_cycle: 0.330000
data: 3456 1758 365 476 444 1343 339 528 364 476 416 451 391 477 391 476 365 527 366 500 392 450 392 475 391 478 365 528 365 1370 365 476 365 501 446 424 389 529 314 527 338 531 364 504 362 532 336 555 335 1347 365 506 334 531 338 506 362 1372 415 450 417 449 392 1343 391 476 393 503 364 1371 338 503 363 502 391 501 365 478 390 558 360 478 339 477 390 504 338 529 337 1373 389 1370 340 526 342 501 367 502 364 528 365 1346 391 475 392 501 365 1320 443 447 393 1342 394 1315 472 73895 3467 1749 450 415 452 1282 453 442 425 416 451 415 452 418 449 416 451 415 452 415 452 414 452 417 452 416 451 415 452 1283 452 416 451 417 450 416 451 415 452 418 449 416 451 415 452 416 451 415 452 1284 451 416 451 416 451 416 451 1284 451 414 453 443 424 1285 450 415 452 413 454 1284 451 415 452 415 452 415 452 415 452 416 451 415 452 415 452 416 451 416 451 1283 452 1283 452 415 452 419 448 414 453 416 451 1286 449 415 452 415 452 1282 453 415 452 1284 451 1284 451
# 
name: 0
type: raw
frequency: 38000
duty_cycle: 0.330000
data: 3468 1772 427 413 454 1281 454 412 455 414 453 413 454 412 455 413 454 413 454 414 453 412 455 413 454 412 455 414 453 1280 455 414 453 413 454 413 455 413 454 413 454 414 453 412 455 413 455 412 455 1282 453 414 453 411 456 412 455 1281 454 412 455 413 454 1281 454 413 454 413 455 1281 427 440 453 414 453 414 453 415 452 416 451 414 453 1282 453 415 452 416 451 1284 451 1284 451 416 451 414 453 415 452 1283 452 1285 450 415 452 417 450 1286 449 417 451 1284 451 1284 453 74219 3467 1747 452 415 452 1283 452 415 451 418 450 417 450 413 455 413 454 415 451 419 450 415 452 417 448 420 450 416 449 1286 451 414 453 415 452 415 451 419 450 417 450 417 451 415 452 417 450 416 450 1286 451 414 453 415 453 415 451 1285 452 412 455 414 454 1282 452 415 452 414 453 1284 451 415 452 415 453 415 452 413 454 413 454 414 453 1283 451 416 451 415 452 1283 452 1283 451 420 448 416 452 416 452 1282 453 1283 452 415 452 415 452 1284 451 417 450 1283 452 1283 452
# 
name: Status
type: raw
frequency: 38000
duty_cycle: 0.330000
data: 3463 1753 469 421 449 1260 449 420 472 392 449 420 449 444 421 420 449 417 449 444 422 419 449 418 451 420 471 393 449 1286 449 418 474 418 425 419 447 419 448 419 449 418 449 420 448 418 449 418 475 1259 451 419 448 417 451 416 476 1258 450 418 449 419 448 1286 450 415 476 392 451 1285 451 414 453 417 450 417 450 419 448 419 448 419 449 1284 477 1263 447 415 452 1285 451 1283 451 417 450 416 450 1286 450 1284 451 419 448 418 449 416 451 1289 472 392 451 1286 447 418 450 74222 3463 1754 445 419 447 1312 422 419 449 422 445 419 449 422 445 421 445 421 448 444 397 446 446 422 445 423 444 446 421 1290 445 423 445 420 448 422 445 445 422 418 449 421 446 421 447 445 421 424 419 1316 444 423 444 446 421 422 445 1286 450 422 444 446 420 1292 444 446 421 419 448 1314 397 471 421 445 421 423 445 447 396 471 420 422 445 1290 445 1290 445 446 421 1289 446 1315 420 447 421 446 420 1315 421 1291 419 471 419 449 418 424 445 1289 421 471 500 1212 445 446 395
# 
name: Default
type: raw
frequency: 38000
duty_cycle: 0.330000
data: 3469 1747 451 414 453 1281 454 412 455 413 454 412 455 416 451 413 454 412 455 412 455 413 455 414 453 413 454 413 454 1282 453 415 452 413 454 413 454 414 453 414 453 440 427 413 454 414 453 413 454 1281 454 413 454 414 453 413 454 1280 455 413 454 413 454 1281 454 413 455 412 455 1281 454 412 455 413 454 413 454 412 455 412 455 415 453 1280 455 1280 455 413 454 1281 454 1280 455 1282 453 412 455 411 456 1283 452 413 454 414 453 413 451 1284 427 1308 452 1282 453 1283 452 74016 3459 1753 446 420 447 1312 421 445 424 444 424 417 474 397 445 420 448 418 424 447 469 421 423 422 446 444 423 444 423 1288 448 418 448 419 450 419 448 417 449 418 451 418 448 420 449 443 423 419 449 1286 448 419 449 417 451 420 447 1285 449 418 450 419 449 1284 451 416 451 415 451 1286 450 416 451 416 450 418 450 415 477 391 451 442 425 1285 450 1283 452 416 452 1284 452 1286 448 1285 450 419 448 416 451 1284 451 415 451 418 451 415 451 1283 452 1284 450 1286 449 1283 453
# 
name: ID_All
type: raw
frequency: 38000
duty_cycle: 0.330000
data: 3443 1774 425 440 452 1283 453 414 454 414 453 413 454 414 453 441 426 413 454 413 454 413 454 413 454 413 455 413 454 1280 455 415 452 414 453 412 455 413 479 388 455 414 453 412 455 416 451 414 454 1309 426 414 453 412 455 415 452 1281 454 413 454 413 455 1281 454 412 455 414 453 412 455 413 454 415 452 412 455 412 455 414 453 413 454 1281 454 1281 454 440 427 1281 454 414 453 1281 454 1282 453 412 455 1281 454 1281 454 412 455 413 454 412 455 1280 455 416 451 1281 454 74217 3442 1772 427 440 428 1308 451 416 452 415 453 414 453 414 453 414 454 413 454 413 454 417 450 416 452 413 454 412 455 1281 454 415 452 414 453 415 452 412 455 412 455 413 454 413 454 413 454 413 454 1281 454 416 451 414 453 415 452 1283 452 413 455 414 453 1284 451 415 452 415 452 415 452 414 453 413 454 414 453 413 454 414 453 414 453 1282 452 1283 428 439 428 1311 423 440 427 1309 425 1308 427 441 426 1308 427 1311 424 441 426 442 425 442 425 1309 425 443 424 1310 425
# 
name: ID_Set
type: raw
frequency: 38000
duty_cycle: 0.330000
data: 3468 1748 450 414 453 1284 452 414 453 413 454 413 479 392 451 414 452 413 455 413 455 413 477 390 453 413 453 418 450 1282 452 419 448 415 453 418 449 414 453 415 452 415 453 413 455 415 451 415 452 1282 477 390 454 415 452 416 451 1282 454 414 453 415 452 1287 447 414 454 415 451 415 453 416 451 415 453 417 450 416 452 414 453 415 452 415 452 414 479 1257 452 1283 453 414 453 1283 452 1309 426 413 454 414 453 414 453 1281 453 416 452 415 453 1282 478 390 452 1281 454 73917 3467 1747 452 414 453 1284 453 412 455 412 456 413 454 413 454 413 455 412 456 412 455 413 454 413 454 414 453 413 454 1282 453 413 454 413 454 413 454 414 453 414 453 412 455 414 453 412 455 412 455 1281 454 412 455 413 454 413 454 1280 455 414 453 414 453 1281 454 413 454 413 454 412 455 414 427 441 451 414 454 416 451 415 452 416 451 417 450 415 452 1284 451 1284 451 414 453 1282 453 1282 453 413 454 414 453 419 448 1284 451 415 452 415 452 1283 452 415 452 1282 453 74416 3471 1744 455 414 453 1279 456 413 454 413 454 412 455 412 455 413 454 411 456 412 455 412 455 416 451 414 453 413 454 1279 456 413 454 415 452 414 453 412 455 411 456 413 454 412 455 413 454 413 454 1280 455 414 453 414 453 413 454 1283 452 414 453 412 455 1281 454 414 453 412 455 414 453 412 455 413 454 412 455 411 456 414 453 414 453 413 454 414 453 1283 452 1282 453 412 455 1281 454 1281 454 414 453 413 454 413 454 1281 454 412 455 412 455 1282 453 412 455 1283 452
